━━━━━━━━━━━━━━━━━━━━━━━━━━━━━━━━━━━━━━━━━━━━━━━━━━━━━━━━━━━━━━━━━━━━━━━━━━━━━━━━━
 Language              Files        Lines         Code     Comments       Blanks
━━━━━━━━━━━━━━━━━━━━━━━━━━━━━━━━━━━━━━━━━━━━━━━━━━━━━━━━━━━━━━━━━━━━━━━━━━━━━━━━━
 AWK                       2          140           62           65           13
 Alex                      2          308          306            0            2
 Autoconf                 20         8566         8101          353          112
 C                       843       404064       288458        77352        38254
 C Header                193        30954        18792         8851         3311
 C++                      61        32071        22610         7564         1897
 Happy                    13         6515         5957            0          558
 HTML                      1           19           16            0            3
 Korn shell                6         2591         2297          214           80
 Lex                       5         2043         1525          293          225
 Makefile                204         7505         5847          106         1552
 Module-Definition         3          666          611            0           55
 Perl                      1          136           77           50            9
 RPM Specfile              4          361          265           47           49
 Shell                    30         2615         1588          802          225
 Plain Text                1          528            0          358          170
 XSL                       1          628          423          166           39
 YAML                      2           10           10            0            0
━━━━━━━━━━━━━━━━━━━━━━━━━━━━━━━━━━━━━━━━━━━━━━━━━━━━━━━━━━━━━━━━━━━━━━━━━━━━━━━━━
 Total                  1392       499720       356945        96221        46554
━━━━━━━━━━━━━━━━━━━━━━━━━━━━━━━━━━━━━━━━━━━━━━━━━━━━━━━━━━━━━━━━━━━━━━━━━━━━━━━━━
